Wifi config
ctrl_interface=DIR=/var/run/wpa_supplicant GROUP=netdev
country=US
update_config=1

network={
 ssid="Verizon-MiFi8800L-1F77"
 psk="d9596505"
}

NMA LInks: https://anavs.com/knowledgebase/nmea-format/


$GLGSV,1,1,01,68,48,036,21,3*4F
$GLGSV,1,1,04,67,00,048,,78,01,086,,83,38,158,,84,75,303,,0*72
$GAGSV,1,1,00,0*74
$GBGSV,1,1,01,27,34,310,31,1*45
$GBGSV,1,1,01,27,34,310,11,3*45
$GNGLL,4459.08143,N,09319.83352,W,210031.00,A,A*6B
$GNRMC,210032.00,A,4459.08185,N,09319.83355,W,0.183,,070821,,,A,V*00
$GNVTG,,T,,M,0.183,N,0.339,K,A*3E
$GNGGA,210032.00,4459.08185,N,09319.83355,W,1,11,0.88,297.2,M,-30.8,M,,*78
$GNGSA,A,3,05,10,13,15,18,23,27,29,,,,,1.50,0.88,1.21,1*03
$GNGSA,A,3,69,68,,,,,,,,,,,1.50,0.88,1.21,2*05
$GNGSA,A,3,,,,,,,,,,,,,1.50,0.88,1.21,3*05
$GNGSA,A,3,27,,,,,,,,,,,,1.50,0.88,1.21,4*07
$GPGSV,3,1,09,05,19,076,14,10,30,269,19,13,31,049,23,15,59,068,25,1*6C
$GPGSV,3,2,09,16,02,283,18,18,89,127,19,23,63,289,21,27,21,317,22,1*6A
$GPGSV,3,3,09,29,17,185,13,1*5E
$GPGSV,1,1,02,15,59,068,16,27,21,317,16,6*64
$GPGSV,1,1,01,24,20,133,,0*51
$GLGSV,1,1,04,68,48,036,21,69,70,266,18,76,02,351,18,85,16,328,16,1*72
$GLGSV,1,1,01,68,48,036,20,3*4E
$GLGSV,1,1,04,67,00,048,,78,01,086,,83,38,158,,84,75,303,,0*72
$GAGSV,1,1,00,0*74
$GBGSV,1,1,01,27,34,310,31,1*45
$GBGSV,1,1,01,27,34,310,10,3*44
$GNGLL,4459.08185,N,09319.83355,W,210032.00,A,A*65
$GNRMC,210033.00,A,4459.08167,N,09319.83357,W,0.038,,070821,,,A,V*0E
$GNVTG,,T,,M,0.038,N,0.070,K,A*31
$GNGGA,210033.00,4459.08167,N,09319.83357,W,1,11,0.88,296.9,M,-30.8,M,,*7D
$GNGSA,A,3,05,10,13,15,18,23,27,29,,,,,1.50,0.88,1.21,1*03
$GNGSA,A,3,69,68,,,,,,,,,,,1.50,0.88,1.21,2*05
$GNGSA,A,3,,,,,,,,,,,,,1.50,0.88,1.21,3*05
$GNGSA,A,3,27,,,,,,,,,,,,1.50,0.88,1.21,4*07
$GPGSV,3,1,09,05,19,076,14,10,30,269,19,13,31,049,23,15,59,068,25,1*6C
$GPGSV,3,2,09,16,02,283,17,18,89,127,19,23,63,289,20,27,21,317,22,1*64
$GPGSV,3,3,09,29,17,185,13,1*5E
$GPGSV,1,1,02,15,59,068,15,27,21,317,16,6*67
$GPGSV,1,1,01,24,20,133,,0*51
$GLGSV,1,1,04,68,48,036,22,69,70,266,17,76,02,351,18,85,16,328,15,1*7D
$GLGSV,1,1,02,68,48,036,21,76,02,351,18,3*71
$GLGSV,1,1,04,67,00,048,,78,02,086,,83,38,158,,84,75,303,,0*71
$GAGSV,1,1,00,0*74
$GBGSV,1,1,01,27,34,310,30,1*44
$GBGSV,1,1,01,27,34,310,10,3*44
$GNGLL,4459.08167,N,09319.83357,W,210033.00,A,A*6A
$GNRMC,210034.00,A,4459.08141,N,09319.83349,W,0.218,,070821,,,A,V*02
$GNVTG,,T,,M,0.218,N,0.403,K,A*31
$GNGGA,210034.00,4459.08141,N,09319.83349,W,1,11,0.88,296.8,M,-30.8,M,,*70
$GNGSA,A,3,05,10,13,15,18,23,27,29,,,,,1.50,0.88,1.21,1*03
$GNGSA,A,3,69,68,,,,,,,,,,,1.50,0.88,1.21,2*05
$GNGSA,A,3,,,,,,,,,,,,,1.50,0.88,1.21,3*05
$GNGSA,A,3,27,,,,,,,,,,,,1.50,0.88,1.21,4*07
$GPGSV,3,1,09,05,19,076,13,10,30,269,19,13,31,049,23,15,59,068,24,1*6A
$GPGSV,3,2,09,16,02,283,18,18,89,127,20,23,63,289,20,27,21,317,21,1*62
$GPGSV,3,3,09,29,17,185,13,1*5E
$GPGSV,1,1,02,15,59,068,16,27,21,317,16,6*64
$GPGSV,1,1,01,24,20,133,,0*51
$GLGSV,1,1,04,68,48,036,22,69,70,266,17,76,02,351,19,85,16,328,17,1*7E
$GLGSV,1,1,02,68,48,036,21,76,02,351,15,3*7C
$GLGSV,1,1,04,67,00,048,,78,02,086,,83,38,158,,84,75,303,,0*71
$GAGSV,1,1,00,0*74
$GBGSV,1,1,01,27,34,310,30,1*44
$GBGSV,1,1,01,27,34,310,10,3*44
$GNGLL,4459.08141,N,09319.83349,W,210034.00,A,A*6